23600
9661
37048
45229
61356
17170
62295
39575
20047
24864
26743
6916
29889
44632
24169
15320
16946
16053
29057
34166
3136
52308
36835
12803
57724
49777
38560
11134
23909
28179
61779
47509
37841
33292
27203
33661
50462
23962
7701
4974
48827
34444
11890
13180
13541
36060
28501
30487
52113
57558
64654
55249
44331
35953
2516
36519
20194
41077
47653
44103
3720
43897
26076
41561
11653
53279
9687
62115
11706
17388
1553
60533
51832
13444
8177
65373
49504
36678
30325
36081
28701
29443
25795
7496
65396
28311
44015
20054
3852
26132
64157
7573
4493
24697
49134
16146
12441
58821
12726
24147
10673
14279
19144
62506
27723
27321
62343
11691
64000
27132
47773
27165
56575
8032
34661
56435
36343
13140
10953
40196
39272
9574
47769
43766
34272
31367
59912
46713
24653
7102
5324
35326
21382
24468
32296
49105
51789
29104
60797
50253
56236
43034
11882
47276
51066
46543
38175
21873
59683
49129
62069
33420
58703
44302
11650
27439
10134
6026
8616
34787
13129
13940
4577
34511
38408
36874
18080
24662
442
13341
9379
56678
56375
21262
38418
41905
2269
11058
63779
61953
60187
60312
29837
53354
39079
41487
15258
49213
47513
23874
18464
60642
37815
23041
29617
10687
59915
47698
35349
60357
61039
44729
51500
51879
455
24382
28248
2724
35440
26491
64677
30091
21268
28978
17910
60347
4929
33168
44024
52443
57042
62488
47549
29321
19993
11631
40009
14373
59329
9822
9194
54832
54551
60694
41175
55006
19541
3888
57731
54981
30379
56872
19537
51647
20315
37447
46458
25244
5079
24946
12151
62121
21898
59701
25907
41892
5796
380
56265
65125
10202
65459
54421
64754
60618
30061
54224
14623
33949
46419
4068
64328
37756
23605
50440
58071
61052
31362
17779
595
56309
29931
62717
12671
24096
23088
54563
29892
23468
45292
29481
33670
45216
18366
32888
40298
48427
21577
54921
16840
2460
58989
15633
40216
17059
537
32751
12575
31899
50531
13171
22672
14926
10352
35344
39022
33440
24371
3378
56908
4128
32859
25042
49344
51225
57931
24106
34117
13972
13491
50957
16432
6944
1054
56649
24003
1591
23864
36579
33491
8859
49750
56163
23785
60102
25971
62807
28006
50343
649
19378
54471
33508
44420
38279
19198
36815
62385
53315
50787
10340
38736
1684
17284
39791
58333
41288
41382
16661
12331
9337
25521
62081
65501
49306
56647
25936
46578
19117
10743
47227
38495
65214
15200
17379
37957
34398
54195
34806
22177
39446
45146
60913
41130
62431
35168
33927
38183
11015
50589
50514
20352
10574
47059
20317
59880
38170
46254
40922
57287
56997
22614
30246
56676
37814
47625
29097
6676
36284
63904
28853
10195
43514
24230
51325
40409
59399
19717
13056
4878
4770
63570
25230
15344
45093
45548
9688
17727
26266
50611
9478
17727
7689
39724
8867
45503
21814
37965
52179
58098
36333
15496
2757
14311
39726
54083
54721
33589
8264
2241
38467
13034
276
63698
28378
45369
43710
38066
63097
4440
23141
7039
22167
30830
46764
31035
10797
3042
3464
62976
61140
39797
12936
63898
54108
52663
52445
43293
20716
60709
45535
59184
8207
45811
57346
36585
25644
35520
9115
23205
39960
32257
30245
62127
63087
11473
27626
8349
14515
31090
5789
10119
5351
18726
8481
59460
5853
60926
37217
26569
56099
17216
20217
64306
63027
12027
35355
23136
47547
44471
46341
21971
11192
11050
18563
8743
22523
46189
17092
37038
11744
22882
47158
17095
41608
55639
11019
47461
51030
48237
8494
41593
65453
28712
40364
62945
40739
10183
20545
22751
54654
1350
44722
310
12401
63285
9054
34924
43939
26146
6427
55683
49028
53585
7242
25100
43688
18262
7025
29182
963
15520
5240
880
44232
45604
63825
19435
55787
18834
42186
44906
20185
21373
45216
32586
19122
54270
1974
63061
14881
8401
53208
63909
61986
60451
23474
40139
13177
30499
3785
14140
46019
9025
15020
24715
54629
13310
44151
44881
32144
20801
24251
52329
42174
3931
19379
61297
58202
21354
58822
7547
29755
46495
5920
26206
41410
29394
809
54587
59894
4594
3191
40377
13620
18211
65093
2713
31521
43708
47594
63666
64509
6309
50459
41148
10241
4303
36909
2907
25657
30195
10454
55412
11154
16374
16082
52564
45769
16891
41615
40127
21486
44806
14968
35106
63018
14525
37819
29003
58233
19878
27133
57207
26187
12057
32819
36428
16360
4192
39335
42017
34387
49789
31893
45542
628
47976
32570
46397
64867
8650
20988
20817
53456
35956
55923
50938
50482
28207
14406
43179
48085
41539
34850
8736
53596
2133
45165
4420
6325
18964
46437
40713
3218
12795
20719
3846
60771
53289
50243
60102
61939
5695
15384
49860
41651
5771
35262
26597
33978
49668
4241
16527
25672
39091
25264
13732
41225
4893
18153
47550
23857
64590
22727
27075
11849
43446
30921
7084
31200
15628
1651
27603
21323
17035
11927
62975
22806
47190
24036
56785
31322
28277
7776
56994
1833
33040
5191
43058
37933
23344
25072
61791
22398
47800
23330
34248
25710
54252
41332
56910
4344
42983
18978
25668
60018
30905
23107
17289
12559
47143
8538
43882
9885
16314
35340
11718
49355
40531
54776
21752
63875
14312
18007
20738
62112
41338
54986
22287
30054
30782
13661
34398
8230
32639
60066
2712
63545
17637
20001
10568
64781
28539
54450
9130
44854
24255
20848
28673
64786
10088
50425
63126
24400
2897
18328
20977
44235
7778
43264
8753
38560
56925
43151
46790
24029
37682
49503
22038
55319
3968
32606
54564
32508
21521
63694
11826
45776
19006
40499
45026
29094
25388
42616
53495
28285
60944
8936
6984
3186
52200
15737
41747
43589
58889
23001
2082
31035
6968
24120
20818
10937
56727
9847
43445
12712
8005
55271
58488
27012
30234
37978
56106
55622
15059
44065
18372
10467
53001
25356
13654
39665
41094
55401
17719
34447
12866
19801
65482
19835
43922
20764
30772
35113
30611
8681
47825
38617
63952
40777
93
28650
13219
56199
18736
28278
34729
37108
38746
22194
62465
52400
61860
38023
42265
14043
6934
55131
33844
6880
9430
12230
27644
40202
47343
58256
48883
29632
31337
47299
4873
31430
10413
18093
22093
29150
46371
56822
722
19581
13481
63187
6445
9805
35674
48710
23848
42608
38306
57692
49488
47736
4387
11597
22403
51730
4317
5750
15827
35654
53050
20700
1548
63463
38793
23641
27077
19629
14928
